WMCUBE_COORDINATES
1 -3 -3 -0.989992496600445
2 -3 -2 -0.923561053656561
3 -3 -1 -0.875844530679003
4 -3 0 -0.858525596664594
5 -3 1 -0.875844530679003
6 -3 2 -0.923561053656561
7 -3 3 -0.989992496600445
8 -2 -3 -0.923561053656561
9 -2 -2 -0.416146836547142
10 -2 -1 -0.0516802364419242
11 -2 0 0.0806046117362795
12 -2 1 -0.0516802364419242
13 -2 2 -0.416146836547142
14 -2 3 -0.923561053656561
15 -1 -3 -0.875844530679003
16 -1 -2 -0.0516802364419242
17 -1 -1 0.54030230586814
18 -1 0 0.755165123780746
19 -1 1 0.54030230586814
20 -1 2 -0.0516802364419242
21 -1 3 -0.875844530679003
22 0 -3 -0.858525596664594
23 0 -2 0.0806046117362795
24 0 -1 0.755165123780746
25 0 0 1
26 0 1 0.755165123780746
27 0 2 0.0806046117362795
28 0 3 -0.858525596664594
29 1 -3 -0.875844530679003
30 1 -2 -0.0516802364419242
31 1 -1 0.54030230586814
32 1 0 0.755165123780746
33 1 1 0.54030230586814
34 1 2 -0.0516802364419242
35 1 3 -0.875844530679003
36 2 -3 -0.923561053656561
37 2 -2 -0.416146836547142
38 2 -1 -0.0516802364419242
39 2 0 0.0806046117362795
40 2 1 -0.0516802364419242
41 2 2 -0.416146836547142
42 2 3 -0.923561053656561
43 3 -3 -0.989992496600445
44 3 -2 -0.923561053656561
45 3 -1 -0.875844530679003
46 3 0 -0.858525596664594
47 3 1 -0.875844530679003
48 3 2 -0.923561053656561
49 3 3 -0.989992496600445

WMCUBE_PLANES
1 8 2
8 2 9
2 3 9
9 10 3
3 10 4
10 4 11
4 5 11
11 12 5
5 12 6
12 6 13
6 7 13
13 14 7
8 9 15
15 16 9
9 16 10
16 10 17
10 11 17
17 18 11
11 18 12
18 12 19
12 13 19
19 20 13
13 20 14
20 14 21
15 22 16
22 16 23
16 17 23
23 24 17
17 24 18
24 18 25
18 19 25
25 26 19
19 26 20
26 20 27
20 21 27
27 28 21
22 23 29
29 30 23
23 30 24
30 24 31
24 25 31
31 32 25
25 32 26
32 26 33
26 27 33
33 34 27
27 34 28
34 28 35
29 36 30
36 30 37
30 31 37
37 38 31
31 38 32
38 32 39
32 33 39
39 40 33
33 40 34
40 34 41
34 35 41
41 42 35
36 37 43
43 44 37
37 44 38
44 38 45
38 39 45
45 46 39
39 46 40
46 40 47
40 41 47
47 48 41
41 48 42
48 42 49
