shade_switch=1
persp_switch=0

t_shade_level=7.100000
t_persp=5112.000000
t_mov_step=-1.810000
t_rot_step=-1.100000

tex_block_w=16
tex_block_h=16

t_col_add_R=-0.300000
t_col_add_G=7.000000
t_col_add_B=0.200000

t_col_mul_R=3.100000
t_col_mul_G=0.410000
t_col_mul_B=2.200000

t_color_1=82
t_color_2=180

command1=xlock
command2=xlock -mode thornbird
command3=xlock -mode blank
